#cross sections in pb, and all numbers are from the XSDB
[DYJetsToLL]                            #  (pb)    
DYJetsToLL_M-50_HT-100to200        :   161.1        
DYJetsToLL_M-50_HT-200to400        :    48.66        
DYJetsToLL_M-50_HT-400to600        :     6.968       
DYJetsToLL_M-50_HT-600to800        :     1.743	     
DYJetsToLL_M-50_HT-800to1200       :     0.8052      
DYJetsToLL_M-50_HT-1200to2500      :     0.1933	     
DYJetsToLL_M-50_HT-2500toInf       :     0.003468    
[DYJetsToLL_unc]
DYJetsToLL_M-50_HT-100to200        :     0.4691      
DYJetsToLL_M-50_HT-200to400        :     0.144       
DYJetsToLL_M-50_HT-400to600        :     0.02079     
DYJetsToLL_M-50_HT-600to800        :     0.005233    
DYJetsToLL_M-50_HT-800to1200       :     0.002427    
DYJetsToLL_M-50_HT-1200to2500      :     0.0005996   
DYJetsToLL_M-50_HT-2500toInf       :     0.00001118  
[TT]
TTToHadronic                       :   314.0
TTToSemiLeptonic                   :   301.0
TTTo2L2Nu                          :    72.1
[TT_unc]
TTTo2L2Nu                          :     0.0540
TTToSemiLeptonic                   :     0.2266
TTToHadronic                       :     0.2365
[WZTo2L2Q]
WZTo2L2Q                           :     6.331
[WZTo2L2Q_unc]
WZTo2L2Q                           :     0.02084
[ZZTo2L2Q]
ZZTo2L2Q                           :     3.688
[ZZTo2L2Q_unc]
ZZTo2L2Q                           :     0.01155